Department Store,186.0,[337, 35]
University,172.6,[461, 39, 0, 360, 3]
Coffee Shop,161.0,[300, 0, 183]
Electronics Store,136.0,[275, 0, 72, 36, 297]
Church,103.08,[84, 52, 4, 17, 180, 147, 77, 80, 66, 285, 52, 193]
Pharmacy,86.33,[0, 72, 187]
Emergency Room,82.0,[4, 1, 309, 14]
Bank,79.0,[34, 127, 33, 150, 51]
Donut Shop,70.83,[69, 180, 53, 54, 32, 37]
Automotive Shop,68.83,[0, 39, 1, 330, 43, 0]
Convenience Store,65.0,[130, 0]
Building,61.2,[168, 38, 63, 24, 13]
Comic Shop,58.25,[99, 92, 22, 20]
Car Wash,46.88,[33, 20, 39, 43, 6, 21, 168, 45]
Doctor's Office,44.7,[0, 17, 18, 0, 0, 0, 377, 17, 18, 0]
Bookstore,39.14,[61, 58, 43, 13, 4, 4, 91]
Bowling Alley,39.0,[54, 85, 17, 0]
Bar,37.17,[21, 0, 0, 39, 0, 17, 0, 63, 6, 21, 257, 22]
Auto Dealership,36.0,[32, 40]
Cultural Center,33.5,[0, 67]
Restaurant,32.65,[18, 8, 0, 48, 147, 149, 36, 65, 2, 26, 14, 95, 4, 0, 3, 1, 18, 9, 2, 8]
Art Museum,29.67,[17, 0, 72]
Residential Building (Apartment / Condo),26.0,[36, 16]
Law School,25.75,[1, 2, 80, 20]
Arcade,24.67,[4, 70, 0]
Beach,24.42,[20, 0, 108, 21, 12, 34, 33, 64, 0, 1, 0, 0]
Dentist's Office,23.67,[35, 18, 18]
Gym,22.73,[0, 6, 52, 14, 4, 46, 3, 18, 41, 22, 13, 41, 4, 34, 43]
Lake,19.11,[7, 0, 76, 4, 7, 5, 23, 0, 50]
Grocery Store,15.57,[7, 4, 8, 2, 3, 3, 12, 4, 7, 13, 16, 12, 30, 97]
Clothing Store,15.38,[0, 37, 0, 0, 40, 20, 0, 26]
Dessert Shop,13.78,[20, 36, 18, 0, 32, 0, 0, 0, 18]
Hospital,13.5,[39, 0, 6, 8, 0, 50, 7, 41, 3, 0, 28, 3, 2, 9, 19, 1]
Bus Stop,13.5,[27, 0]
Shopping Mall,10.1,[5, 21, 6, 4, 0, 9, 3, 1, 40, 12]
High School,9.7,[2, 2, 12, 36, 30, 7, 0, 2, 4, 2]
Hotel,7.0,[0, 6, 2, 4, 3, 4, 5, 9, 10, 2, 15, 5, 4, 5, 31, 7]
History Museum,6.83,[4, 3, 0, 0, 4, 30]
Jewelry Store,5.6,[3, 18, 4, 3, 0]
Bike Shop,4.83,[21, 0, 0, 0, 0, 8]
Library,4.0,[12, 3, 0, 1]
Hostel,4.0,[2, 7, 0, 7]
Gas Station,3.5,[2, 8, 4, 2, 0, 0, 4, 8]
Flower Shop,2.33,[0, 1, 6, 2, 0, 5, 2, 3, 2]
Mobile Phone Shop,1.71,[10, 0, 1, 0, 0, 1, 0]
Frozen Yogurt Shop,1.6,[2, 0, 2, 2, 2]
Fire Station,1.5,[3, 0]
Lingerie Store,1.5,[0, 3]
Food Truck,1.5,[0, 2, 0, 2, 0, 0, 4, 4, 0, 3]
Ice Cream Shop,1.0,[2, 2, 0, 0, 2, 0, 1]
