Soccer Stadium,667.38,[0, 1031, 44, 1904, 102, 197, 1935, 126]
Rental Car Location,610.67,[0, 50, 1782]
Bus Stop,563.7,[1138, 709, 278, 0, 784, 0, 323, 1610, 795, 0]
Park,499.48,[254, 67, 90, 406, 0, 1260, 0, 1112, 467, 335, 1046, 101, 1158, 310, 208, 792, 1161, 1357, 0, 365, 0]
Big Box Store,352.67,[93, 246, 719]
Church,345.67,[207, 857, 72, 278, 288, 145, 72, 74, 1118]
University,336.23,[1140, 81, 72, 93, 270, 72, 7, 229, 232, 0, 1022, 420, 733]
History Museum,334.0,[90, 236, 876, 134]
Nightclub,327.83,[82, 133, 2924, 476, 127, 212, 136, 0, 340, 272, 136, 0, 508, 0, 196, 134, 21, 204]
Sandwich Place,291.4,[107, 528, 198, 132, 492]
High School,290.7,[0, 0, 71, 256, 379, 0, 71, 1562, 426, 142]
Playground,289.0,[1452, 67, 134, 67, 134, 67, 102]
Cultural Center,282.5,[270, 565, 210, 85]
Emergency Room,281.78,[130, 864, 77, 144, 98, 158, 86, 857, 122]
Law School,246.14,[426, 0, 674, 410, 71, 142, 0]
School,241.0,[9, 226, 0, 178, 353, 330, 117, 132, 0, 990, 132, 270, 396]
Bank,237.6,[335, 292, 287, 160, 114]
Clothing Store,235.33,[130, 72, 504]
Hospital,235.3,[695, 178, 394, 0, 147, 153, 384, 206, 108, 88]
Shopping Mall,228.59,[118, 84, 10, 123, 133, 191, 994, 118, 70, 287, 180, 253, 194, 219, 284, 178, 450]
Office,224.67,[0, 98, 576]
Grocery Store,224.2,[485, 93, 49, 142, 257, 92, 0, 307, 287, 530]
Kids Store,213.0,[213, 213]
Hotel,201.6,[852, 79, 158, 263, 67, 0, 102, 253, 131, 111]
Post Office,191.33,[0, 440, 134]
Supermarket,189.46,[122, 189, 94, 2, 146, 557, 515, 359, 130, 34, 72, 179, 64]
Candy Store,183.2,[73, 360, 144, 146, 193]
Gym,182.64,[0, 0, 96, 0, 345, 475, 213, 213, 7, 538, 122]
Library,182.0,[133, 1141, 0, 0, 0, 0, 0]
Gas Station,178.36,[127, 109, 53, 96, 224, 83, 142, 45, 177, 278, 628]
Bar,167.38,[31, 734, 232, 87, 79, 162, 14, 0]
Restaurant,153.54,[69, 726, 276, 50, 107, 98, 104, 91, 221, 129, 0, 197, 70, 57, 216, 365, 0, 0, 167, 165, 256, 57, 167, 25, 132, 64, 367, 65, 91, 132, 159, 177, 129, 72, 40, 183, 111, 195, 375, 216, 174]
Ice Cream Shop,146.0,[130, 355, 71, 40, 284, 72, 70]
Flower Shop,146.0,[104, 80, 504, 72, 72, 44]
Military Base,144.4,[458, 13, 0, 136, 0, 47, 0, 293, 426, 71]
Chocolate Shop,141.0,[216, 66]
Police Station,139.88,[132, 0, 57, 67, 0, 0, 0, 223, 55, 0, 603, 104, 0, 67, 145, 785]
Market,135.33,[43, 67, 296]
Convenience Store,135.11,[69, 0, 164, 0, 100, 432, 71, 380, 0]
Coffee Shop,133.67,[31, 0, 59, 288, 89, 335]
Driving School,125.75,[144, 144, 71, 144]
Pharmacy,116.0,[119, 85, 261, 0, 245, 0, 102]
Mobile Phone Shop,109.2,[0, 136, 183, 91, 136]
Doctors Office,108.5,[242, 8, 0, 22, 70, 93, 190, 0, 288, 172]
Gastropub,107.0,[72, 136, 113]
Pub,105.17,[67, 0, 207, 174, 0, 183]
Dessert Shop,101.64,[128, 74, 219, 131, 94, 79, 42, 0, 144, 111, 96]
Shopping Plaza,98.67,[204, 0, 92]
Art Museum,98.0,[30, 240, 24]
Casino,96.0,[216, 72, 0, 144, 144, 0]
